{
 "cells": [
  {
   "cell_type": "code",
   "execution_count": 1,
   "metadata": {
    "scrolled": true
   },
   "outputs": [
    {
     "name": "stderr",
     "output_type": "stream",
     "text": [
      "/usr/local/lib/python2.7/dist-packages/h5py/__init__.py:36: FutureWarning: Conversion of the second argument of issubdtype from `float` to `np.floating` is deprecated. In future, it will be treated as `np.float64 == np.dtype(float).type`.\n",
      "  from ._conv import register_converters as _register_converters\n"
     ]
    }
   ],
   "source": [
    "import numpy as np\n",
    "import tensorflow as tf\n",
    "from tensorflow.python.estimator.export.export_output import PredictOutput\n",
    "\n",
    "tf.logging.set_verbosity(tf.logging.INFO)"
   ]
  },
  {
   "cell_type": "code",
   "execution_count": 2,
   "metadata": {
    "scrolled": true
   },
   "outputs": [
    {
     "name": "stdout",
     "output_type": "stream",
     "text": [
      "WARNING:tensorflow:From <ipython-input-2-6441638eb0cd>:1: load_dataset (from tensorflow.contrib.learn.python.learn.datasets) is deprecated and will be removed in a future version.\n",
      "Instructions for updating:\n",
      "Please use tf.data.\n",
      "WARNING:tensorflow:From /usr/local/lib/python2.7/dist-packages/tensorflow/contrib/learn/python/learn/datasets/__init__.py:80: load_mnist (from tensorflow.contrib.learn.python.learn.datasets.mnist) is deprecated and will be removed in a future version.\n",
      "Instructions for updating:\n",
      "Please use alternatives such as official/mnist/dataset.py from tensorflow/models.\n",
      "WARNING:tensorflow:From /usr/local/lib/python2.7/dist-packages/tensorflow/contrib/learn/python/learn/datasets/mnist.py:300: read_data_sets (from tensorflow.contrib.learn.python.learn.datasets.mnist) is deprecated and will be removed in a future version.\n",
      "Instructions for updating:\n",
      "Please use alternatives such as official/mnist/dataset.py from tensorflow/models.\n",
      "WARNING:tensorflow:From /usr/local/lib/python2.7/dist-packages/tensorflow/contrib/learn/python/learn/datasets/mnist.py:260: maybe_download (from tensorflow.contrib.learn.python.learn.datasets.base) is deprecated and will be removed in a future version.\n",
      "Instructions for updating:\n",
      "Please write your own downloading logic.\n",
      "WARNING:tensorflow:From /usr/local/lib/python2.7/dist-packages/tensorflow/contrib/learn/python/learn/datasets/mnist.py:262: extract_images (from tensorflow.contrib.learn.python.learn.datasets.mnist) is deprecated and will be removed in a future version.\n",
      "Instructions for updating:\n",
      "Please use tf.data to implement this functionality.\n",
      "Extracting MNIST-data/train-images-idx3-ubyte.gz\n",
      "WARNING:tensorflow:From /usr/local/lib/python2.7/dist-packages/tensorflow/contrib/learn/python/learn/datasets/mnist.py:267: extract_labels (from tensorflow.contrib.learn.python.learn.datasets.mnist) is deprecated and will be removed in a future version.\n",
      "Instructions for updating:\n",
      "Please use tf.data to implement this functionality.\n",
      "Extracting MNIST-data/train-labels-idx1-ubyte.gz\n",
      "Extracting MNIST-data/t10k-images-idx3-ubyte.gz\n",
      "Extracting MNIST-data/t10k-labels-idx1-ubyte.gz\n",
      "WARNING:tensorflow:From /usr/local/lib/python2.7/dist-packages/tensorflow/contrib/learn/python/learn/datasets/mnist.py:290: __init__ (from tensorflow.contrib.learn.python.learn.datasets.mnist) is deprecated and will be removed in a future version.\n",
      "Instructions for updating:\n",
      "Please use alternatives such as official/mnist/dataset.py from tensorflow/models.\n"
     ]
    }
   ],
   "source": [
    "mnist = tf.contrib.learn.datasets.load_dataset(\"mnist\")\n",
    "train_data = mnist.train.images # Returns np.array\n",
    "train_labels = np.asarray(mnist.train.labels, dtype=np.int32)\n",
    "eval_data = mnist.test.images # Returns np.array\n",
    "eval_labels = np.asarray(mnist.test.labels, dtype=np.int32)"
   ]
  },
  {
   "cell_type": "code",
   "execution_count": 3,
   "metadata": {
    "scrolled": true
   },
   "outputs": [],
   "source": [
    "def cnn_model_fn(features, labels, mode):\n",
    "    \"\"\"Model function for CNN.\"\"\"\n",
    "    # Input Layer\n",
    "    input_layer = tf.reshape(features[\"x\"], [-1, 28, 28, 1],name=\"input\")\n",
    "\n",
    "    # Convolutional Layer #1\n",
    "    conv1 = tf.layers.conv2d(\n",
    "        inputs=input_layer,\n",
    "        filters=32,\n",
    "        kernel_size=[5, 5],\n",
    "        padding=\"same\",\n",
    "        activation=tf.nn.relu)\n",
    "\n",
    "    # Pooling Layer #1\n",
    "    pool1 = tf.layers.max_pooling2d(inputs=conv1, pool_size=[2, 2], strides=2)\n",
    "\n",
    "    # Convolutional Layer #2\n",
    "    conv2 = tf.layers.conv2d(\n",
    "        inputs=pool1,\n",
    "        filters=64,\n",
    "        kernel_size=[5, 5],\n",
    "        padding=\"same\",\n",
    "        activation=tf.nn.relu)\n",
    "\n",
    "    # Pooling Layer #2\n",
    "    pool2 = tf.layers.max_pooling2d(inputs=conv2, pool_size=[2, 2], strides=2)\n",
    "\n",
    "    # Dense Layer\n",
    "    pool2_flat = tf.reshape(pool2, [-1, 7 * 7 * 64])\n",
    "    dense = tf.layers.dense(inputs=pool2_flat, units=1024, activation=tf.nn.relu)\n",
    "    dropout = tf.layers.dropout(\n",
    "        inputs=dense, rate=0.4, training=mode == tf.estimator.ModeKeys.TRAIN)\n",
    "\n",
    "    # Logits Layer\n",
    "    logits = tf.layers.dense(inputs=dropout, units=10)\n",
    "\n",
    "    predictions = {\n",
    "        # Generate predictions (for PREDICT and EVAL mode)\n",
    "        \"classes\": tf.argmax(input=logits, axis=1),\n",
    "        # Add `softmax_tensor` to the graph. It is used for PREDICT and by the\n",
    "        # `logging_hook`.\n",
    "        \"probabilities\": tf.nn.softmax(logits, name=\"softmax_tensor\")\n",
    "    }\n",
    "    \n",
    "    export_outputs={\"SIGNATURE_NAME\": PredictOutput({\n",
    "        # Generate predictions (for PREDICT and EVAL mode)\n",
    "        \"classes\": tf.argmax(input=logits, axis=1),\n",
    "        # Add `softmax_tensor` to the graph. It is used for PREDICT and by the\n",
    "        # `logging_hook`.\n",
    "        \"probabilities\": tf.nn.softmax(logits, name=\"final_result\")\n",
    "    })}\n",
    "    \n",
    "    if mode == tf.estimator.ModeKeys.PREDICT:\n",
    "        return tf.estimator.EstimatorSpec(mode=mode, predictions=predictions,export_outputs=export_outputs)\n",
    "\n",
    "    # Calculate Loss (for both TRAIN and EVAL modes)\n",
    "    loss = tf.losses.sparse_softmax_cross_entropy(labels=labels, logits=logits)\n",
    "\n",
    "    # Configure the Training Op (for TRAIN mode)\n",
    "    if mode == tf.estimator.ModeKeys.TRAIN:\n",
    "        optimizer = tf.train.GradientDescentOptimizer(learning_rate=0.001)\n",
    "        train_op = optimizer.minimize(\n",
    "            loss=loss,\n",
    "            global_step=tf.train.get_global_step())\n",
    "        return tf.estimator.EstimatorSpec(mode=mode, loss=loss, train_op=train_op)\n",
    "\n",
    "    # Add evaluation metrics (for EVAL mode)\n",
    "    eval_metric_ops = {\n",
    "        \"accuracy\": tf.metrics.accuracy(\n",
    "            labels=labels, predictions=predictions[\"classes\"])}\n",
    "    return tf.estimator.EstimatorSpec(\n",
    "        mode=mode, loss=loss, eval_metric_ops=eval_metric_ops)"
   ]
  },
  {
   "cell_type": "code",
   "execution_count": 4,
   "metadata": {
    "scrolled": true
   },
   "outputs": [
    {
     "name": "stdout",
     "output_type": "stream",
     "text": [
      "INFO:tensorflow:Using default config.\n",
      "INFO:tensorflow:Using config: {'_save_checkpoints_secs': 600, '_session_config': None, '_keep_checkpoint_max': 5, '_task_type': 'worker', '_train_distribute': None, '_is_chief': True, '_cluster_spec': <tensorflow.python.training.server_lib.ClusterSpec object at 0x7ff74c3b6e50>, '_evaluation_master': '', '_save_checkpoints_steps': None, '_keep_checkpoint_every_n_hours': 10000, '_service': None, '_num_ps_replicas': 0, '_tf_random_seed': None, '_master': '', '_num_worker_replicas': 1, '_task_id': 0, '_log_step_count_steps': 100, '_model_dir': './logdir', '_global_id_in_cluster': 0, '_save_summary_steps': 100}\n"
     ]
    }
   ],
   "source": [
    "# Create the Estimator\n",
    "mnist_classifier = tf.estimator.Estimator(\n",
    "    model_fn=cnn_model_fn, model_dir=\"./logdir\")"
   ]
  },
  {
   "cell_type": "code",
   "execution_count": 5,
   "metadata": {
    "scrolled": true
   },
   "outputs": [],
   "source": [
    "# Set up logging for predictions\n",
    "tensors_to_log = {\"probabilities\": \"final_result\"}\n",
    "logging_hook = tf.train.LoggingTensorHook(\n",
    "    tensors=tensors_to_log, every_n_iter=50)"
   ]
  },
  {
   "cell_type": "code",
   "execution_count": 6,
   "metadata": {
    "scrolled": true
   },
   "outputs": [
    {
     "name": "stdout",
     "output_type": "stream",
     "text": [
      "INFO:tensorflow:Calling model_fn.\n",
      "INFO:tensorflow:Done calling model_fn.\n",
      "INFO:tensorflow:Create CheckpointSaverHook.\n",
      "INFO:tensorflow:Graph was finalized.\n",
      "INFO:tensorflow:Running local_init_op.\n",
      "INFO:tensorflow:Done running local_init_op.\n",
      "INFO:tensorflow:Saving checkpoints for 1 into ./logdir/model.ckpt.\n",
      "INFO:tensorflow:probabilities = [[0.09494176 0.09873858 0.09039416 0.10583942 0.11256394 0.10168834\n",
      "  0.09588553 0.09577452 0.09882972 0.10534398]\n",
      " [0.09732568 0.10159139 0.09378022 0.10812474 0.11304431 0.10086996\n",
      "  0.08458915 0.0937424  0.10277361 0.10415845]\n",
      " [0.09346767 0.10313287 0.09699849 0.10650746 0.1111665  0.1033497\n",
      "  0.09465139 0.09333915 0.1026581  0.09472869]\n",
      " [0.09243365 0.09332886 0.0951745  0.11952133 0.11762298 0.09188104\n",
      "  0.08977671 0.09949306 0.09726446 0.10350338]\n",
      " [0.09769514 0.09835468 0.1027671  0.10573816 0.11571977 0.09084812\n",
      "  0.096601   0.09743514 0.0976697  0.09717114]\n",
      " [0.09145431 0.10569397 0.1032806  0.11748395 0.10885845 0.0945866\n",
      "  0.09130552 0.08785814 0.09393054 0.10554791]\n",
      " [0.08183398 0.10408572 0.08982652 0.1151704  0.12056987 0.09367295\n",
      "  0.09608397 0.09579027 0.1064079  0.09655844]\n",
      " [0.09452219 0.10036381 0.09230995 0.1039396  0.11050634 0.09817344\n",
      "  0.09898368 0.098229   0.10780272 0.09516928]\n",
      " [0.08875693 0.1056994  0.10159078 0.11419549 0.10242226 0.09726708\n",
      "  0.09472035 0.09937134 0.09288549 0.10309083]\n",
      " [0.08808588 0.10246319 0.09174596 0.11389772 0.1015989  0.09817354\n",
      "  0.09482972 0.09518746 0.10904498 0.10497262]\n",
      " [0.09145391 0.09837279 0.09748641 0.10806102 0.10894305 0.10522804\n",
      "  0.08495881 0.10121238 0.09935343 0.10493013]\n",
      " [0.09457284 0.09914014 0.09770765 0.11182991 0.10613542 0.09404169\n",
      "  0.09493472 0.10232545 0.09411632 0.10519581]\n",
      " [0.09153675 0.09900524 0.09668894 0.1112796  0.11056683 0.08840393\n",
      "  0.09637064 0.09523033 0.10340971 0.10750807]\n",
      " [0.09186305 0.09275003 0.09089825 0.10870308 0.11276591 0.09808371\n",
      "  0.09887048 0.10520311 0.10187623 0.09898613]\n",
      " [0.09642344 0.09512994 0.09392277 0.11706243 0.10950162 0.10178541\n",
      "  0.09898555 0.10096536 0.09579795 0.09042554]\n",
      " [0.09749322 0.09693068 0.09477747 0.10359485 0.10569902 0.09467204\n",
      "  0.0936897  0.11061292 0.10284932 0.09968082]\n",
      " [0.09649542 0.09615447 0.09384605 0.1044732  0.10916106 0.09268945\n",
      "  0.0986375  0.10777941 0.098109   0.1026544 ]\n",
      " [0.09614547 0.10046902 0.09079628 0.10914299 0.11183301 0.09878208\n",
      "  0.09737115 0.08808783 0.10524663 0.10212559]\n",
      " [0.08593412 0.10239485 0.08926439 0.10797632 0.11031564 0.10246743\n",
      "  0.10645208 0.08669405 0.10738066 0.10112046]\n",
      " [0.08987928 0.09260009 0.09632701 0.10541994 0.11290507 0.10097745\n",
      "  0.09611277 0.09558624 0.10927423 0.10091793]\n",
      " [0.10176686 0.08518066 0.09517635 0.1103387  0.11595336 0.09469806\n",
      "  0.09762169 0.09235139 0.1044343  0.10247864]\n",
      " [0.09385137 0.0910449  0.0969291  0.11017851 0.11397999 0.10105318\n",
      "  0.09325319 0.08796745 0.10240101 0.10934129]\n",
      " [0.09570549 0.09230967 0.10197028 0.11445853 0.10750798 0.09359168\n",
      "  0.09939878 0.09370682 0.09520257 0.10614816]\n",
      " [0.10457731 0.10099132 0.09153286 0.10543216 0.10710927 0.09331849\n",
      "  0.0960216  0.09057371 0.10651866 0.10392466]\n",
      " [0.08704685 0.09987696 0.09976993 0.11291277 0.1026624  0.08202226\n",
      "  0.11156506 0.10007534 0.09624775 0.10782068]\n",
      " [0.10177021 0.09093053 0.09525499 0.11450271 0.11216919 0.09295551\n",
      "  0.09674099 0.08737068 0.10229042 0.10601477]\n",
      " [0.08839205 0.10706168 0.09453597 0.10966014 0.11070657 0.09623432\n",
      "  0.09895723 0.09315164 0.10206319 0.09923721]\n",
      " [0.09836652 0.0996673  0.09597354 0.09712485 0.10763807 0.09385405\n",
      "  0.1056831  0.09722321 0.10973412 0.09473531]\n",
      " [0.09589517 0.10357834 0.09560227 0.1290401  0.09965369 0.08894632\n",
      "  0.08912818 0.09586544 0.09524132 0.10704919]\n",
      " [0.09145702 0.09872961 0.09725039 0.11315773 0.10456597 0.10389631\n",
      "  0.09142417 0.1005846  0.09843202 0.10050213]\n",
      " [0.09085829 0.09861446 0.09052155 0.09621748 0.11339315 0.09955669\n",
      "  0.0969402  0.09297624 0.11845337 0.10246855]\n",
      " [0.09843835 0.10780602 0.09661235 0.11683415 0.10528031 0.08832418\n",
      "  0.10136253 0.09823435 0.09852438 0.08858332]\n",
      " [0.10703887 0.09608823 0.09460172 0.11137341 0.10413198 0.09291412\n",
      "  0.09313233 0.09087212 0.10461805 0.10522918]\n",
      " [0.09202985 0.09765586 0.08946776 0.10954637 0.10230352 0.10301384\n",
      "  0.09635796 0.11148426 0.10780988 0.09033068]\n",
      " [0.10140113 0.10484859 0.10225434 0.10154909 0.09726138 0.09087398\n",
      "  0.11206382 0.09548756 0.09266305 0.1015971 ]\n",
      " [0.10266402 0.09776936 0.09683035 0.11212377 0.10430675 0.08270219\n",
      "  0.10912745 0.09866942 0.09362815 0.10217851]\n",
      " [0.08732473 0.08868567 0.09566297 0.11825944 0.12701741 0.09782071\n",
      "  0.09291238 0.08495141 0.10178498 0.10558036]\n",
      " [0.09007034 0.10352556 0.09106767 0.10641634 0.1028198  0.10053109\n",
      "  0.10009374 0.10264845 0.10705855 0.09576845]\n",
      " [0.09652032 0.10215628 0.09582647 0.1064115  0.10248739 0.09037369\n",
      "  0.1023536  0.09500923 0.10849447 0.10036708]\n",
      " [0.09520702 0.09310371 0.08931404 0.1167628  0.10842168 0.0958577\n",
      "  0.09997503 0.09450892 0.09714207 0.109707  ]\n",
      " [0.10531108 0.09752174 0.09515046 0.11235883 0.10089327 0.09417941\n",
      "  0.09305805 0.09420978 0.10868061 0.09863683]\n",
      " [0.09073979 0.09948452 0.09845956 0.1098817  0.10687071 0.0934125\n",
      "  0.09173475 0.09606241 0.10539883 0.10795522]\n",
      " [0.09485852 0.10357522 0.0950195  0.12092099 0.11095604 0.09096095\n",
      "  0.08888562 0.10598621 0.09515484 0.09368208]\n",
      " [0.09099309 0.09492422 0.09425934 0.10594556 0.1057721  0.1025918\n",
      "  0.09557161 0.09568586 0.10933398 0.10492244]\n",
      " [0.09512459 0.09795629 0.09867182 0.10604009 0.1118134  0.08998104\n",
      "  0.09977454 0.09588929 0.10219292 0.10255603]\n",
      " [0.09634692 0.10097431 0.09429752 0.12070245 0.10808755 0.09639285\n",
      "  0.09382761 0.0938866  0.09377649 0.10170765]\n",
      " [0.09242587 0.09684978 0.1010487  0.12430013 0.11283419 0.08370218\n",
      "  0.09506755 0.09699109 0.0940594  0.10272107]\n",
      " [0.09696828 0.0930117  0.10057504 0.10429135 0.1043288  0.09425133\n",
      "  0.09984107 0.0923055  0.11387113 0.10055569]\n",
      " [0.09173552 0.10336944 0.09740693 0.10217707 0.10395996 0.09461021\n",
      "  0.10006253 0.10047772 0.10772607 0.0984745 ]\n",
      " [0.08827528 0.09208096 0.09682062 0.11497753 0.11199224 0.09749138\n",
      "  0.10527127 0.09994391 0.10041568 0.09273109]]\n",
      "INFO:tensorflow:loss = 2.3096256, step = 0\n",
      "INFO:tensorflow:probabilities = [[0.09847245 0.10143042 0.09422235 0.10598876 0.1119222  0.09593048\n",
      "  0.09746934 0.0956013  0.10502744 0.09393525]\n",
      " [0.09001438 0.09653483 0.0941165  0.10570835 0.11691614 0.09651732\n",
      "  0.10072368 0.09926654 0.09896581 0.10123643]\n",
      " [0.09941135 0.09762848 0.09727699 0.10322483 0.11245666 0.0983466\n",
      "  0.0981128  0.09736666 0.09890316 0.09727251]\n",
      " [0.09223948 0.1009618  0.09921145 0.10854635 0.10673216 0.09240646\n",
      "  0.09788696 0.09245834 0.09943794 0.11011909]\n",
      " [0.10366382 0.09406244 0.09145709 0.1130472  0.10664555 0.09315222\n",
      "  0.09304397 0.1012492  0.10343148 0.10024705]\n",
      " [0.10063372 0.10082059 0.09389938 0.10409991 0.10507765 0.10151831\n",
      "  0.09309179 0.09795736 0.10571133 0.09718994]\n",
      " [0.11147311 0.09067671 0.10004105 0.10710511 0.10711677 0.09906649\n",
      "  0.0878392  0.09823824 0.10170235 0.0967409 ]\n",
      " [0.09154847 0.09896442 0.09938414 0.11364896 0.11025942 0.09231834\n",
      "  0.09310203 0.10040914 0.10461799 0.09574711]\n",
      " [0.09168811 0.10442224 0.09589676 0.10398367 0.11169361 0.08789175\n",
      "  0.10821915 0.0962562  0.10086137 0.09908707]\n",
      " [0.08541106 0.09602156 0.10024537 0.12454941 0.09248673 0.09789959\n",
      "  0.10560248 0.0941176  0.1030689  0.10059731]\n",
      " [0.09798627 0.10144029 0.09746384 0.12322419 0.10944014 0.09211828\n",
      "  0.09006073 0.09310123 0.0937924  0.10137266]\n",
      " [0.09535386 0.10317449 0.09441042 0.11065423 0.11193876 0.09221491\n",
      "  0.09424275 0.09324228 0.09683152 0.10793676]\n",
      " [0.10534412 0.09886778 0.0920111  0.10650586 0.10468053 0.10366816\n",
      "  0.10135649 0.08633953 0.09407981 0.10714664]\n",
      " [0.08530979 0.09223262 0.10768279 0.1108747  0.11604907 0.09634586\n",
      "  0.09221143 0.10612561 0.09606731 0.09710086]\n",
      " [0.09270906 0.1084256  0.08906048 0.11301756 0.10849325 0.0901068\n",
      "  0.10664581 0.09821864 0.09782772 0.09549507]\n",
      " [0.09770396 0.09172898 0.09440522 0.11536015 0.10785827 0.09154622\n",
      "  0.09865104 0.10126934 0.10201943 0.09945741]\n",
      " [0.09311375 0.09450284 0.10072848 0.11796736 0.09939347 0.09236067\n",
      "  0.10252389 0.1061412  0.09209637 0.10117194]\n",
      " [0.0998757  0.09644108 0.09714141 0.11005577 0.10480667 0.09616733\n",
      "  0.09231881 0.10202558 0.10600676 0.09516089]\n",
      " [0.09494667 0.10344376 0.09861553 0.10314582 0.09944595 0.09393718\n",
      "  0.09895317 0.09696741 0.10814676 0.10239767]\n",
      " [0.09235544 0.10023657 0.09229372 0.10829374 0.11530045 0.0928451\n",
      "  0.09786316 0.09442433 0.10672566 0.09966185]\n",
      " [0.0908917  0.09560845 0.09744921 0.12174324 0.10918321 0.08720785\n",
      "  0.09188225 0.09161973 0.10216159 0.11225277]\n",
      " [0.09788698 0.08939055 0.1032556  0.11730089 0.10698646 0.09254101\n",
      "  0.08580503 0.09500155 0.104197   0.10763494]\n",
      " [0.09872271 0.10286795 0.08625123 0.10138542 0.10704475 0.1001553\n",
      "  0.10163078 0.0925564  0.11333168 0.09605373]\n",
      " [0.09448759 0.10290792 0.10258916 0.11250559 0.09798133 0.09320043\n",
      "  0.10155361 0.09649365 0.0978353  0.10044537]\n",
      " [0.09539684 0.106955   0.09064384 0.10698043 0.10700092 0.09867956\n",
      "  0.10773738 0.09601597 0.09532754 0.09526256]\n",
      " [0.10182086 0.09766185 0.09214984 0.11171008 0.11409626 0.09686063\n",
      "  0.09441622 0.0882909  0.10188312 0.10111029]\n",
      " [0.0991872  0.09864445 0.08985689 0.10543665 0.10813269 0.09574371\n",
      "  0.09640898 0.09685436 0.10659639 0.10313864]\n",
      " [0.09602514 0.1036704  0.09662824 0.11923184 0.09619439 0.09473814\n",
      "  0.09109687 0.10104623 0.09876594 0.10260274]\n",
      " [0.09291848 0.09516429 0.10159944 0.10935652 0.10731889 0.09315044\n",
      "  0.0911072  0.09466007 0.10358661 0.11113809]\n",
      " [0.09756003 0.10719771 0.09559601 0.10253872 0.09649281 0.08806711\n",
      "  0.09846203 0.09359416 0.11782901 0.10266249]\n",
      " [0.09326968 0.09280881 0.10501137 0.10301878 0.1068394  0.10235936\n",
      "  0.09376226 0.10052021 0.09631827 0.1060919 ]\n",
      " [0.1020049  0.10228752 0.09347502 0.10915945 0.11145938 0.09428158\n",
      "  0.108828   0.092467   0.08668754 0.09934965]\n",
      " [0.09971593 0.09316419 0.10320479 0.09914538 0.103121   0.0932715\n",
      "  0.09415378 0.09437603 0.11073156 0.10911584]\n",
      " [0.09474649 0.0996066  0.09851146 0.10261588 0.10776016 0.10019011\n",
      "  0.0908535  0.09466833 0.10346818 0.10757927]\n",
      " [0.09168601 0.10013855 0.09733251 0.11098555 0.10361667 0.0928624\n",
      "  0.10332438 0.08398151 0.10966849 0.10640393]\n",
      " [0.0886716  0.09759823 0.09679556 0.11621062 0.11509421 0.09567143\n",
      "  0.09931085 0.08527114 0.09863587 0.10674048]\n",
      " [0.09714183 0.09757181 0.08988557 0.11146528 0.103516   0.08965059\n",
      "  0.09976296 0.09991436 0.10296591 0.10812569]\n",
      " [0.08477627 0.09086227 0.1017574  0.11986822 0.11421169 0.09375767\n",
      "  0.09559935 0.10026255 0.10125849 0.09764609]\n",
      " [0.09996784 0.0899135  0.09495939 0.11696317 0.10620781 0.09062029\n",
      "  0.09418443 0.09565143 0.1026753  0.10885686]\n",
      " [0.09244885 0.09447041 0.09877656 0.12106049 0.10591362 0.0971651\n",
      "  0.09415814 0.0929727  0.10971192 0.0933222 ]\n",
      " [0.09593087 0.0883952  0.09739407 0.11605507 0.10316384 0.0969868\n",
      "  0.09859489 0.08803678 0.1126546  0.1027879 ]\n",
      " [0.09875212 0.09815392 0.09790438 0.10970387 0.09947176 0.09480033\n",
      "  0.10198946 0.09566486 0.10175216 0.10180717]\n",
      " [0.09803659 0.09940816 0.0953627  0.10749213 0.10515939 0.101776\n",
      "  0.09704768 0.0945535  0.10310481 0.09805912]\n",
      " [0.10157898 0.10463558 0.09691446 0.12119287 0.10055061 0.09496643\n",
      "  0.0950961  0.09062126 0.09910723 0.09533642]\n",
      " [0.09112889 0.10134093 0.09324355 0.10592377 0.11093596 0.08977877\n",
      "  0.1007662  0.09321225 0.10530044 0.10836927]\n",
      " [0.09280907 0.09183997 0.0932156  0.11884238 0.11558142 0.0966979\n",
      "  0.09286401 0.09311565 0.10710507 0.09792902]\n",
      " [0.09659407 0.09225069 0.10325931 0.11103974 0.10865075 0.09597584\n",
      "  0.09336574 0.09396226 0.10377215 0.10112948]\n",
      " [0.08689474 0.10062984 0.10564913 0.10232086 0.10527459 0.08477562\n",
      "  0.09739961 0.10161015 0.10260569 0.11283979]\n",
      " [0.09640161 0.09721972 0.09343631 0.10885569 0.11325185 0.09490173\n",
      "  0.09206946 0.09034022 0.10667345 0.10684997]\n",
      " [0.10140743 0.09856725 0.088356   0.11607482 0.10675552 0.09370553\n",
      "  0.10162593 0.09745035 0.0989351  0.09712198]] (0.477 sec)\n"
     ]
    },
    {
     "name": "stdout",
     "output_type": "stream",
     "text": [
      "INFO:tensorflow:global_step/sec: 126.551\n",
      "INFO:tensorflow:probabilities = [[0.10226758 0.09232204 0.09383755 0.11939676 0.10932985 0.08744551\n",
      "  0.0909941  0.09819563 0.10236522 0.10384575]\n",
      " [0.10724735 0.10161115 0.08508159 0.12011009 0.10234559 0.09413885\n",
      "  0.1005706  0.09795775 0.09949388 0.0914432 ]\n",
      " [0.10807786 0.09030338 0.08710661 0.1099259  0.09871551 0.10035589\n",
      "  0.09631167 0.09840851 0.10299288 0.10780181]\n",
      " [0.08867192 0.09639776 0.09573966 0.12746209 0.11641217 0.09463486\n",
      "  0.10394991 0.09115455 0.09186702 0.09371004]\n",
      " [0.10054258 0.09242462 0.10329709 0.1012015  0.11026642 0.10230062\n",
      "  0.09184645 0.09245408 0.10804716 0.09761942]\n",
      " [0.10028802 0.09391253 0.09236284 0.11190021 0.11475514 0.09776109\n",
      "  0.09421753 0.09685849 0.10023955 0.09770463]\n",
      " [0.08323742 0.10384925 0.10428239 0.10739779 0.11788    0.09452367\n",
      "  0.09355836 0.09209044 0.09436683 0.10881379]\n",
      " [0.09369545 0.10095228 0.10179084 0.11302287 0.09913065 0.0818316\n",
      "  0.10065952 0.10268622 0.09179191 0.11443865]\n",
      " [0.09618806 0.09346008 0.10418501 0.10493542 0.10149569 0.10301871\n",
      "  0.09492309 0.09642649 0.09997781 0.10538965]\n",
      " [0.08449411 0.09541202 0.09922512 0.12363863 0.1209901  0.0889259\n",
      "  0.09185228 0.09005532 0.11018319 0.09522336]\n",
      " [0.09040734 0.10593115 0.08576687 0.11999785 0.10719559 0.09783033\n",
      "  0.09794649 0.09212869 0.10177559 0.10102015]\n",
      " [0.08788785 0.10277201 0.09649717 0.1073293  0.11157715 0.10148434\n",
      "  0.08969576 0.09170114 0.10838855 0.10266668]\n",
      " [0.09746037 0.09487458 0.09298138 0.10698894 0.11390935 0.09733678\n",
      "  0.09292834 0.08908715 0.10605414 0.10837898]\n",
      " [0.09685621 0.10396425 0.08612943 0.12498386 0.09784772 0.09219401\n",
      "  0.09905231 0.098644   0.09969225 0.100636  ]\n",
      " [0.10717978 0.09918851 0.09187776 0.11084779 0.10255473 0.08946227\n",
      "  0.10052508 0.0896173  0.1068927  0.10185408]\n",
      " [0.09570515 0.09548711 0.09876787 0.11075456 0.10942579 0.0883211\n",
      "  0.09509882 0.08925171 0.11046129 0.10672656]\n",
      " [0.09950132 0.10393869 0.10052669 0.10544541 0.10751023 0.09288227\n",
      "  0.10001346 0.08763789 0.10225038 0.10029369]\n",
      " [0.08688778 0.10058803 0.10323407 0.11003054 0.10917894 0.09684504\n",
      "  0.10328959 0.09280533 0.09579244 0.1013483 ]\n",
      " [0.09774111 0.09862379 0.10198379 0.09834549 0.10014755 0.10113122\n",
      "  0.09426332 0.0952912  0.10228472 0.11018783]\n",
      " [0.08484866 0.10597852 0.08858722 0.11885873 0.11057331 0.0894159\n",
      "  0.0964373  0.09653501 0.10326329 0.10550196]\n",
      " [0.08869051 0.10770231 0.09732606 0.11630517 0.09959192 0.09197936\n",
      "  0.10088961 0.09803572 0.10728041 0.092199  ]\n",
      " [0.09436402 0.09360267 0.10051481 0.10644291 0.10835548 0.10145958\n",
      "  0.09785701 0.09714728 0.10183162 0.09842462]\n",
      " [0.09854516 0.08582519 0.09942341 0.11164379 0.1148655  0.09119333\n",
      "  0.09457137 0.09562953 0.09939779 0.10890495]\n",
      " [0.10992718 0.08983886 0.09506154 0.11335719 0.10389388 0.08856349\n",
      "  0.09166346 0.10162745 0.09941754 0.10664942]\n",
      " [0.0984132  0.10219571 0.09918111 0.10162681 0.10519031 0.09251101\n",
      "  0.09772526 0.09872445 0.10118184 0.10325023]\n",
      " [0.09139492 0.1000729  0.10815346 0.11300273 0.09936622 0.09160915\n",
      "  0.10478825 0.10044768 0.09470496 0.09645969]\n",
      " [0.09379248 0.09703271 0.08748993 0.13211755 0.11292345 0.09058265\n",
      "  0.10422765 0.09512813 0.09097517 0.0957303 ]\n",
      " [0.10792369 0.08941739 0.10280162 0.1162956  0.10450465 0.1061222\n",
      "  0.09556105 0.08504532 0.08807962 0.1042489 ]\n",
      " [0.09535713 0.09884068 0.0958057  0.11327755 0.10329947 0.09878507\n",
      "  0.09748443 0.09421896 0.10455529 0.09837569]\n",
      " [0.09245043 0.09909625 0.10401755 0.11640691 0.10468346 0.09488011\n",
      "  0.09698945 0.10231687 0.09120348 0.09795549]\n",
      " [0.08931477 0.09671887 0.10031976 0.10646496 0.11189745 0.0923903\n",
      "  0.09721784 0.10236775 0.10658742 0.09672084]\n",
      " [0.09580092 0.10583035 0.08984927 0.11444279 0.10945044 0.09071015\n",
      "  0.09221274 0.09499401 0.09681961 0.10988975]\n",
      " [0.11445019 0.09094403 0.09829877 0.11017312 0.1056346  0.08882274\n",
      "  0.09439962 0.09300907 0.10572958 0.09853821]\n",
      " [0.09553441 0.10035085 0.0999622  0.10696923 0.10794286 0.09848889\n",
      "  0.09204112 0.10111451 0.09965885 0.09793707]\n",
      " [0.09279823 0.08852264 0.10576089 0.12547813 0.11488739 0.08977985\n",
      "  0.09101748 0.08777687 0.09170733 0.11227123]\n",
      " [0.09399416 0.09214426 0.09711319 0.10867869 0.10599087 0.10714347\n",
      "  0.10063889 0.09688756 0.10465445 0.09275442]\n",
      " [0.10734463 0.09050028 0.09357899 0.1074753  0.12000421 0.09489381\n",
      "  0.08764562 0.09354091 0.09923211 0.1057841 ]\n",
      " [0.09421676 0.08958282 0.09654538 0.10609964 0.10767753 0.10269512\n",
      "  0.09796812 0.09315716 0.10689189 0.10516555]\n",
      " [0.0963835  0.09859417 0.09618688 0.12534754 0.11245278 0.08872753\n",
      "  0.10119426 0.08887833 0.09268766 0.09954731]\n",
      " [0.10574163 0.0977067  0.0928534  0.10404218 0.10751884 0.09389381\n",
      "  0.09950403 0.10032144 0.10398968 0.0944283 ]\n",
      " [0.08633836 0.09908637 0.09906641 0.11578696 0.10163058 0.09650427\n",
      "  0.09818614 0.10664932 0.10565498 0.09109657]\n",
      " [0.09694196 0.09446356 0.09749808 0.10771903 0.11142103 0.0967576\n",
      "  0.09023055 0.09605091 0.10835698 0.10056027]\n",
      " [0.09875758 0.09312538 0.09611882 0.10936221 0.10694677 0.09397447\n",
      "  0.11099331 0.09319906 0.09694079 0.10058157]\n",
      " [0.09392359 0.10406177 0.09659106 0.1087122  0.10696261 0.09916215\n",
      "  0.1003038  0.09334294 0.10229446 0.09464543]\n",
      " [0.09280151 0.0930528  0.10110644 0.11283462 0.11397333 0.0924734\n",
      "  0.09122419 0.09035294 0.11269002 0.09949074]\n",
      " [0.09409989 0.09443495 0.10037452 0.10362327 0.1052196  0.10235875\n",
      "  0.09269279 0.09920307 0.10509656 0.10289656]\n",
      " [0.09809643 0.0926431  0.10495189 0.11622427 0.09926204 0.09111378\n",
      "  0.0915933  0.09706225 0.10449947 0.10455354]\n",
      " [0.09999795 0.09904622 0.09163704 0.10239871 0.10568275 0.10196197\n",
      "  0.09683406 0.09313671 0.09786829 0.11143637]\n",
      " [0.09934462 0.08974042 0.09885835 0.11100901 0.11388284 0.08648886\n",
      "  0.08793281 0.09262885 0.10999066 0.1101236 ]\n",
      " [0.09524588 0.10682405 0.0876658  0.10914225 0.11597381 0.08715429\n",
      "  0.10302056 0.09419785 0.10397454 0.09680095]] (0.315 sec)\n",
      "INFO:tensorflow:loss = 2.2936954, step = 100 (0.792 sec)\n",
      "INFO:tensorflow:probabilities = [[0.09390601 0.09934395 0.09184501 0.10927228 0.1083789  0.09739176\n",
      "  0.1021493  0.08973684 0.11166291 0.09631301]\n",
      " [0.09317069 0.10106787 0.10464634 0.10531124 0.10576279 0.08174558\n",
      "  0.10609359 0.09034532 0.10674726 0.10510938]\n",
      " [0.08798967 0.09743106 0.0943525  0.10921175 0.10946045 0.08980796\n",
      "  0.09978103 0.0969853  0.10334327 0.11163701]\n",
      " [0.1014229  0.09977821 0.09414443 0.11040578 0.10121126 0.09917738\n",
      "  0.09572492 0.09326164 0.10246091 0.10241253]\n",
      " [0.0906185  0.09658808 0.10437259 0.11253759 0.10939075 0.09286667\n",
      "  0.09440727 0.09536973 0.10344663 0.10040212]\n",
      " [0.0918567  0.0964244  0.0886127  0.11572224 0.10506961 0.08822069\n",
      "  0.0964857  0.10298669 0.10325685 0.1113644 ]\n",
      " [0.10277732 0.09375972 0.09257858 0.11337244 0.11173441 0.08866379\n",
      "  0.09006847 0.11344242 0.10724805 0.0863548 ]\n",
      " [0.10288968 0.09845421 0.09029735 0.10453264 0.11465549 0.094079\n",
      "  0.09480149 0.09048804 0.10003261 0.10976946]\n",
      " [0.09234963 0.09493796 0.10589404 0.11415718 0.10807317 0.09240527\n",
      "  0.1010313  0.08934636 0.10735983 0.09444523]\n",
      " [0.09973173 0.0978803  0.08998583 0.12120301 0.1179594  0.0913162\n",
      "  0.0931624  0.08754117 0.09975827 0.10146169]\n",
      " [0.10818812 0.09961245 0.09877765 0.10923346 0.10421097 0.09125533\n",
      "  0.09423754 0.08959075 0.10151359 0.10338014]\n",
      " [0.09687664 0.08012515 0.08981665 0.10761795 0.10445764 0.0960401\n",
      "  0.10811923 0.101824   0.09798286 0.11713978]\n",
      " [0.09286693 0.09789526 0.10233931 0.10751288 0.10791492 0.09338382\n",
      "  0.10118058 0.09927054 0.10280982 0.09482592]\n",
      " [0.10173173 0.09225187 0.09821298 0.1105554  0.11130716 0.08675206\n",
      "  0.10067739 0.09595311 0.1038581  0.09870023]\n",
      " [0.08874105 0.09933759 0.10144583 0.11940298 0.10674614 0.09443387\n",
      "  0.09522109 0.10101613 0.0991365  0.09451885]\n",
      " [0.09000105 0.10095125 0.0806439  0.11346941 0.11335301 0.09146694\n",
      "  0.09339463 0.11176839 0.09137329 0.11357816]\n",
      " [0.09308483 0.08809312 0.09926899 0.1014065  0.10759017 0.10441521\n",
      "  0.09887622 0.0924156  0.1087648  0.10608451]\n",
      " [0.1014356  0.09440561 0.09267962 0.1106272  0.10527967 0.10223156\n",
      "  0.09989808 0.09276822 0.09850447 0.10216997]\n",
      " [0.09583803 0.0945098  0.09214648 0.10621005 0.11459046 0.09991661\n",
      "  0.09419281 0.09893487 0.10704034 0.09662056]\n",
      " [0.08667182 0.10158525 0.0975128  0.11285911 0.1160021  0.09063678\n",
      "  0.09686284 0.09766461 0.09990311 0.10030165]\n",
      " [0.08561841 0.10584252 0.09036699 0.1207554  0.0973694  0.1022617\n",
      "  0.09599219 0.09814031 0.10164578 0.10200739]\n",
      " [0.09655194 0.09660356 0.09600778 0.11704289 0.10181452 0.1045749\n",
      "  0.09206924 0.08734976 0.11261138 0.09537404]\n",
      " [0.10097061 0.09959912 0.09459329 0.11620846 0.09344905 0.09542593\n",
      "  0.09867665 0.09620706 0.10652542 0.09834448]\n",
      " [0.09709539 0.09674705 0.09618118 0.11769235 0.0996251  0.10477238\n",
      "  0.09064283 0.09954763 0.10077459 0.09692144]\n",
      " [0.09577385 0.09803766 0.09116563 0.10982248 0.09981454 0.09770485\n",
      "  0.09854118 0.107403   0.08804437 0.11369246]\n",
      " [0.09116834 0.10023572 0.10041936 0.12177823 0.10493805 0.09031285\n",
      "  0.09990182 0.09458229 0.10439619 0.09226719]\n",
      " [0.09267791 0.09734109 0.09268685 0.11730181 0.10782907 0.08681492\n",
      "  0.0998534  0.09140283 0.10703787 0.10705422]\n",
      " [0.10891204 0.08645441 0.09364104 0.11899199 0.11640059 0.08687545\n",
      "  0.0936349  0.09097346 0.09724732 0.10686874]\n",
      " [0.09070255 0.10085068 0.09919614 0.10985599 0.1020541  0.09837009\n",
      "  0.09950776 0.10018783 0.10048854 0.09878635]\n",
      " [0.1040762  0.09633018 0.08884814 0.10718343 0.10525905 0.09305644\n",
      "  0.09964029 0.10118599 0.10352253 0.10089765]\n",
      " [0.09655286 0.09492048 0.0966832  0.10510624 0.10773701 0.10195522\n",
      "  0.09535934 0.09925637 0.10670374 0.09572553]\n",
      " [0.08935435 0.09732287 0.09728166 0.11271283 0.10587055 0.08573604\n",
      "  0.09980772 0.09749005 0.10173923 0.11268473]\n",
      " [0.09517661 0.10513886 0.08894721 0.10262425 0.10989881 0.09973239\n",
      "  0.09732809 0.0926845  0.10589614 0.10257312]\n",
      " [0.10060412 0.09403313 0.09335446 0.10834205 0.10777827 0.09931403\n",
      "  0.09449692 0.0960892  0.1041038  0.10188399]\n",
      " [0.0938284  0.09866653 0.09760276 0.1097507  0.11387859 0.09568505\n",
      "  0.09105639 0.08993343 0.10936361 0.10023452]\n",
      " [0.09946483 0.10534628 0.09359451 0.10625796 0.09800432 0.10313194\n",
      "  0.10173214 0.09559213 0.10102595 0.09584995]\n",
      " [0.09005211 0.09752127 0.10287632 0.11089124 0.10407972 0.09725275\n",
      "  0.10464393 0.09974518 0.09733734 0.0956002 ]\n",
      " [0.09756912 0.10254095 0.10158946 0.10728595 0.0997892  0.09341498\n",
      "  0.09636185 0.10059583 0.10545516 0.09539752]\n",
      " [0.09418804 0.10204189 0.09165627 0.11525995 0.11378954 0.09104989\n",
      "  0.09115867 0.09178709 0.10299248 0.1060762 ]\n",
      " [0.09085348 0.09019714 0.09484523 0.11408348 0.11283503 0.08981694\n",
      "  0.09941872 0.08718918 0.10676415 0.11399675]\n",
      " [0.08883833 0.10240387 0.10332948 0.11434975 0.10118063 0.09086446\n",
      "  0.10674992 0.09993073 0.10048692 0.09186585]\n",
      " [0.10142908 0.09907396 0.09514954 0.11330442 0.11311785 0.09038546\n",
      "  0.09408661 0.08788916 0.10181152 0.10375233]\n",
      " [0.0999689  0.10244454 0.09943378 0.10543189 0.10498008 0.08723735\n",
      "  0.09785546 0.093499   0.10627861 0.10287044]\n",
      " [0.09677643 0.10273331 0.092219   0.12049557 0.10681383 0.08989196\n",
      "  0.09484379 0.09689276 0.09943922 0.09989414]\n",
      " [0.09104586 0.09051993 0.1039212  0.11061179 0.10760946 0.08486732\n",
      "  0.09985141 0.09772244 0.10535799 0.10849251]\n",
      " [0.10743622 0.08805098 0.0955413  0.11466175 0.11095095 0.09625383\n",
      "  0.10216404 0.09120911 0.09840576 0.09532607]\n",
      " [0.10013049 0.09186929 0.10409901 0.11944349 0.11160445 0.08839773\n",
      "  0.08884776 0.09967708 0.09533897 0.10059173]\n",
      " [0.09529632 0.09293311 0.09224156 0.1170707  0.11129948 0.09603563\n",
      "  0.09016763 0.09242892 0.10714115 0.10538551]\n",
      " [0.09735483 0.09193101 0.10741401 0.11167249 0.10422429 0.09270878\n",
      "  0.09814861 0.09896672 0.0992906  0.09828863]\n",
      " [0.102672   0.08928867 0.08826876 0.12223177 0.12016463 0.08964372\n",
      "  0.09653053 0.08981909 0.10015029 0.10123061]] (0.323 sec)\n"
     ]
    },
    {
     "name": "stdout",
     "output_type": "stream",
     "text": [
      "INFO:tensorflow:global_step/sec: 155.342\n",
      "INFO:tensorflow:probabilities = [[0.10534387 0.09802465 0.08837668 0.09769289 0.10038717 0.10514086\n",
      "  0.10073271 0.09875252 0.10962798 0.09592061]\n",
      " [0.11103088 0.08981032 0.1031829  0.09966609 0.09680413 0.08818145\n",
      "  0.1034794  0.10518633 0.10821838 0.0944401 ]\n",
      " [0.10056887 0.0948827  0.09401824 0.10120162 0.09998488 0.10115308\n",
      "  0.09824118 0.09370261 0.11952215 0.0967246 ]\n",
      " [0.09966387 0.09514389 0.09128809 0.10680027 0.09985298 0.10022477\n",
      "  0.09703221 0.09703102 0.11107491 0.10188796]\n",
      " [0.09225886 0.09351999 0.08608184 0.11391338 0.13015294 0.09818776\n",
      "  0.09263816 0.09375022 0.09922695 0.10026988]\n",
      " [0.09497919 0.09689762 0.09840909 0.10207618 0.11078437 0.09414177\n",
      "  0.09820707 0.10051953 0.1123044  0.09168077]\n",
      " [0.09727069 0.09503332 0.09872495 0.10813141 0.10282054 0.09075279\n",
      "  0.10074179 0.09633631 0.10608865 0.10409952]\n",
      " [0.0925239  0.10508896 0.09766212 0.10606766 0.10236288 0.09224085\n",
      "  0.10279332 0.09941414 0.09914818 0.10269804]\n",
      " [0.09419127 0.09256632 0.09964521 0.11127087 0.10785336 0.09570301\n",
      "  0.10714885 0.09283737 0.1009597  0.09782407]\n",
      " [0.08787019 0.10540036 0.09643431 0.11150802 0.11345375 0.09681514\n",
      "  0.09524299 0.09681884 0.09432503 0.10213136]\n",
      " [0.08906882 0.09642138 0.0941966  0.11532407 0.10416113 0.0941571\n",
      "  0.09507291 0.08771836 0.11183384 0.11204579]\n",
      " [0.09675551 0.08703253 0.09762297 0.11593499 0.10283521 0.09275816\n",
      "  0.10220814 0.08872157 0.10925657 0.10687441]\n",
      " [0.09094574 0.09686159 0.09281366 0.1117088  0.11297435 0.10307693\n",
      "  0.09309048 0.09712245 0.10321307 0.09819293]\n",
      " [0.09405681 0.09549402 0.09454667 0.1100561  0.11702519 0.08984312\n",
      "  0.09781875 0.09136414 0.10089043 0.10890476]\n",
      " [0.09431613 0.10059489 0.10434553 0.11584043 0.09945317 0.08936705\n",
      "  0.09732336 0.08508136 0.108641   0.10503712]\n",
      " [0.09605617 0.10110472 0.08966555 0.10836516 0.10292745 0.1037655\n",
      "  0.10354352 0.09192969 0.10343838 0.09920386]\n",
      " [0.09887693 0.10225461 0.08674427 0.10788185 0.10730772 0.09301239\n",
      "  0.10079648 0.08727776 0.10512955 0.11071845]\n",
      " [0.1062158  0.09146301 0.09391449 0.10981373 0.11123614 0.09530918\n",
      "  0.0917295  0.09247611 0.11323406 0.094608  ]\n",
