{
 "cells": [
  {
   "cell_type": "code",
   "execution_count": 1,
   "metadata": {
    "scrolled": true
   },
   "outputs": [
    {
     "name": "stderr",
     "output_type": "stream",
     "text": [
      "/usr/local/lib/python2.7/dist-packages/h5py/__init__.py:36: FutureWarning: Conversion of the second argument of issubdtype from `float` to `np.floating` is deprecated. In future, it will be treated as `np.float64 == np.dtype(float).type`.\n",
      "  from ._conv import register_converters as _register_converters\n"
     ]
    }
   ],
   "source": [
    "import os\n",
    "import struct\n",
    "import numpy as np\n",
    "import tensorflow as tf\n",
    "from tensorflow.python.estimator.export.export_output import PredictOutput\n",
    "\n",
    "tf.logging.set_verbosity(tf.logging.INFO)"
   ]
  },
  {
   "cell_type": "code",
   "execution_count": 2,
   "metadata": {},
   "outputs": [],
   "source": [
    "!rm -rf logdir-small"
   ]
  },
  {
   "cell_type": "code",
   "execution_count": 3,
   "metadata": {
    "scrolled": true
   },
   "outputs": [
    {
     "name": "stdout",
     "output_type": "stream",
     "text": [
      "train_data shape:   (60000, 28, 28, 1)\n",
      "train_labels shape: (60000,)\n",
      "eval_data shape:    (10000, 28, 28, 1)\n",
      "eval_labels shape:  (10000,)\n"
     ]
    }
   ],
   "source": [
    "#load MNIST data from files\n",
    "\n",
    "fname_img_train = os.path.join(os.getcwd(), 'MNIST-data/train-images.idx3-ubyte')\n",
    "fname_lbl_train = os.path.join(os.getcwd(), 'MNIST-data/train-labels.idx1-ubyte')\n",
    "\n",
    "fname_img_eval = os.path.join(os.getcwd(), 'MNIST-data/t10k-images.idx3-ubyte')\n",
    "fname_lbl_eval = os.path.join(os.getcwd(), 'MNIST-data/t10k-labels.idx1-ubyte')\n",
    "\n",
    "\n",
    "with open(fname_lbl_train, 'rb') as flbl:\n",
    "    magic, num = struct.unpack(\">II\", flbl.read(8))\n",
    "    train_labels = np.fromfile(flbl, dtype=np.int8).astype(dtype=np.int32)\n",
    "    \n",
    "with open(fname_lbl_eval, 'rb') as flbl:\n",
    "    magic, num = struct.unpack(\">II\", flbl.read(8))\n",
    "    eval_labels = np.fromfile(flbl, dtype=np.int8).astype(dtype=np.int32)\n",
    "    \n",
    "with open(fname_img_train, 'rb') as fimg:\n",
    "    magic, num, rows, cols = struct.unpack(\">IIII\", fimg.read(16))\n",
    "    train_data = np.fromfile(fimg, dtype=np.uint8).reshape(len(train_labels), rows, cols, 1).astype(dtype=np.float32)\n",
    "    train_data = np.true_divide(train_data, 256)\n",
    "    \n",
    "with open(fname_img_eval, 'rb') as fimg:\n",
    "    magic, num, rows, cols = struct.unpack(\">IIII\", fimg.read(16))\n",
    "    eval_data = np.fromfile(fimg, dtype=np.uint8).reshape(len(eval_labels), rows, cols, 1).astype(dtype=np.float32)\n",
    "    eval_data = np.true_divide(eval_data, 256)\n",
    "    \n",
    "print('train_data shape:   ' + str(train_data.shape))\n",
    "print('train_labels shape: ' + str(train_labels.shape))\n",
    "\n",
    "print('eval_data shape:    ' + str(eval_data.shape))\n",
    "print('eval_labels shape:  ' + str(eval_labels.shape))"
   ]
  },
  {
   "cell_type": "code",
   "execution_count": 4,
   "metadata": {
    "scrolled": true
   },
   "outputs": [],
   "source": [
    "def cnn_model_fn(features, labels, mode):\n",
    "    \"\"\"Model function for CNN.\"\"\"\n",
    "\n",
    "    # Convolutional Layer #1\n",
    "    conv1 = tf.layers.conv2d(\n",
    "        inputs=features[\"x\"],\n",
    "        filters=32,\n",
    "        kernel_size=[5, 5],\n",
    "        padding=\"same\",\n",
    "        activation=tf.nn.relu)\n",
    "\n",
    "    # Pooling Layer #1\n",
    "    pool1 = tf.layers.max_pooling2d(inputs=conv1, pool_size=[2, 2], strides=2)\n",
    "\n",
    "    # Convolutional Layer #2\n",
    "    conv2 = tf.layers.conv2d(\n",
    "        inputs=pool1,\n",
    "        filters=64,\n",
    "        kernel_size=[5, 5],\n",
    "        padding=\"same\",\n",
    "        activation=tf.nn.relu)\n",
    "\n",
    "    # Pooling Layer #2\n",
    "    pool2 = tf.layers.max_pooling2d(inputs=conv2, pool_size=[2, 2], strides=2)\n",
    "\n",
    "    # Dense Layer\n",
    "    pool2_flat = tf.reshape(pool2, [-1, 7 * 7 * 64])\n",
    "    dense = tf.layers.dense(inputs=pool2_flat, units=1024, activation=tf.nn.relu)\n",
    "    dropout = tf.layers.dropout(\n",
    "        inputs=dense, rate=0.4, training=mode == tf.estimator.ModeKeys.TRAIN)\n",
    "\n",
    "    # Logits Layer\n",
    "    logits = tf.layers.dense(inputs=dropout, units=10)\n",
    "\n",
    "    predictions = {\n",
    "        # Generate predictions (for PREDICT and EVAL mode)\n",
    "        \"classes\": tf.argmax(input=logits, axis=1),\n",
    "        # Add `softmax_tensor` to the graph. It is used for PREDICT and by the\n",
    "        # `logging_hook`.\n",
    "        \"probabilities\": tf.nn.softmax(logits, name=\"softmax_tensor\")\n",
    "    }\n",
    "    \n",
    "    export_outputs={\"SIGNATURE_NAME\": PredictOutput({\n",
    "        # Generate predictions (for PREDICT and EVAL mode)\n",
    "        \"classes\": tf.argmax(input=logits, axis=1),\n",
    "        # Add `softmax_tensor` to the graph. It is used for PREDICT and by the\n",
    "        # `logging_hook`.\n",
    "        \"probabilities\": tf.nn.softmax(logits, name=\"final_result\")\n",
    "    })}\n",
    "    \n",
    "    if mode == tf.estimator.ModeKeys.PREDICT:\n",
    "        return tf.estimator.EstimatorSpec(mode=mode, predictions=predictions,export_outputs=export_outputs)\n",
    "\n",
    "    # Calculate Loss (for both TRAIN and EVAL modes)\n",
    "    loss = tf.losses.sparse_softmax_cross_entropy(labels=labels, logits=logits)\n",
    "\n",
    "    # Configure the Training Op (for TRAIN mode)\n",
    "    if mode == tf.estimator.ModeKeys.TRAIN:\n",
    "        optimizer = tf.train.GradientDescentOptimizer(learning_rate=0.001)\n",
    "        train_op = optimizer.minimize(\n",
    "            loss=loss,\n",
    "            global_step=tf.train.get_global_step())\n",
    "        return tf.estimator.EstimatorSpec(mode=mode, loss=loss, train_op=train_op)\n",
    "\n",
    "    # Add evaluation metrics (for EVAL mode)\n",
    "    eval_metric_ops = {\n",
    "        \"accuracy\": tf.metrics.accuracy(\n",
    "            labels=labels, predictions=predictions[\"classes\"])}\n",
    "    return tf.estimator.EstimatorSpec(\n",
    "        mode=mode, loss=loss, eval_metric_ops=eval_metric_ops)"
   ]
  },
  {
   "cell_type": "code",
   "execution_count": 5,
   "metadata": {
    "scrolled": true
   },
   "outputs": [
    {
     "name": "stdout",
     "output_type": "stream",
     "text": [
      "INFO:tensorflow:Using default config.\n",
      "INFO:tensorflow:Using config: {'_save_checkpoints_secs': 600, '_session_config': None, '_keep_checkpoint_max': 5, '_task_type': 'worker', '_train_distribute': None, '_is_chief': True, '_cluster_spec': <tensorflow.python.training.server_lib.ClusterSpec object at 0x7f4d2ceddc50>, '_evaluation_master': '', '_save_checkpoints_steps': None, '_keep_checkpoint_every_n_hours': 10000, '_service': None, '_num_ps_replicas': 0, '_tf_random_seed': None, '_master': '', '_num_worker_replicas': 1, '_task_id': 0, '_log_step_count_steps': 100, '_model_dir': './logdir', '_global_id_in_cluster': 0, '_save_summary_steps': 100}\n"
     ]
    }
   ],
   "source": [
    "# Create the Estimator\n",
    "mnist_classifier = tf.estimator.Estimator(\n",
    "    model_fn=cnn_model_fn, model_dir=\"./logdir-small\")"
   ]
  },
  {
   "cell_type": "code",
   "execution_count": 6,
   "metadata": {
    "scrolled": true
   },
   "outputs": [],
   "source": [
    "# Set up logging for predictions\n",
    "tensors_to_log = {\"probabilities\": \"final_result\"}\n",
    "logging_hook = tf.train.LoggingTensorHook(\n",
    "    tensors=tensors_to_log, every_n_iter=50)"
   ]
  },
  {
   "cell_type": "code",
   "execution_count": 7,
   "metadata": {
    "scrolled": true
   },
   "outputs": [
    {
     "name": "stdout",
     "output_type": "stream",
     "text": [
      "INFO:tensorflow:Calling model_fn.\n",
      "INFO:tensorflow:Done calling model_fn.\n",
      "INFO:tensorflow:Create CheckpointSaverHook.\n",
      "INFO:tensorflow:Graph was finalized.\n",
      "INFO:tensorflow:Running local_init_op.\n",
      "INFO:tensorflow:Done running local_init_op.\n",
      "INFO:tensorflow:Saving checkpoints for 1 into ./logdir/model.ckpt.\n",
      "INFO:tensorflow:probabilities = [[0.09167054 0.11550101 0.12592621 0.08964604 0.10554254 0.08973829\n",
      "  0.08359547 0.1007318  0.10916951 0.08847861]\n",
      " [0.09654735 0.0974607  0.10905635 0.09719849 0.09937239 0.10463867\n",
      "  0.1007055  0.10193887 0.10009699 0.09298471]\n",
      " [0.09681891 0.11680344 0.1107169  0.0907321  0.09950896 0.08816329\n",
      "  0.07989134 0.10950025 0.10629955 0.10156523]\n",
      " [0.08861032 0.1043782  0.09602284 0.10086949 0.11500955 0.08856355\n",
      "  0.10736222 0.09363405 0.11384567 0.09170409]\n",
      " [0.09726018 0.10963957 0.11721224 0.09242178 0.09566294 0.09120642\n",
      "  0.10016283 0.10209581 0.09565364 0.09868459]\n",
      " [0.10636273 0.11470391 0.09739807 0.0856234  0.09907709 0.0988296\n",
      "  0.09897026 0.1105059  0.09564729 0.09288178]\n",
      " [0.09623689 0.11876351 0.09807681 0.08357618 0.1041723  0.0817254\n",
      "  0.10120947 0.11910792 0.116308   0.0808235 ]\n",
      " [0.08453102 0.1130865  0.10267497 0.09722063 0.10078993 0.09613568\n",
      "  0.09789012 0.10377873 0.11293694 0.0909555 ]\n",
      " [0.09310207 0.10609365 0.10258034 0.10047483 0.11269414 0.09949998\n",
      "  0.08534054 0.10253695 0.10850651 0.08917098]\n",
      " [0.10281744 0.11334915 0.11460766 0.08751036 0.10386359 0.08906201\n",
      "  0.0928771  0.09764019 0.0975546  0.10071794]\n",
      " [0.09441505 0.11270573 0.10203702 0.09837206 0.10552953 0.09327584\n",
      "  0.09859984 0.09473078 0.10356779 0.09676639]\n",
      " [0.09681923 0.10957611 0.09573913 0.08530471 0.10516062 0.10044247\n",
      "  0.0948372  0.10619672 0.11198844 0.09393544]\n",
      " [0.08507089 0.11565329 0.11091816 0.0898236  0.09915669 0.09824865\n",
      "  0.09700697 0.09813314 0.10825884 0.09772974]\n",
      " [0.09803319 0.11095127 0.10068452 0.0935927  0.10359781 0.09614687\n",
      "  0.10135567 0.10628141 0.09904257 0.09031402]\n",
      " [0.09072354 0.10702181 0.10652246 0.09021677 0.10578755 0.09614282\n",
      "  0.09708801 0.10417505 0.10085736 0.10146463]\n",
      " [0.09595754 0.10662627 0.10436171 0.10036074 0.10420854 0.0928564\n",
      "  0.10835256 0.08856798 0.10169771 0.09701061]\n",
      " [0.09930978 0.10571533 0.10013945 0.09147608 0.09948912 0.09459604\n",
      "  0.10430524 0.11027847 0.09518202 0.09950842]\n",
      " [0.08943752 0.12392455 0.10140501 0.08195408 0.09215866 0.10993137\n",
      "  0.08611511 0.10676202 0.11119328 0.09711837]\n",
      " [0.10697864 0.11172067 0.10019287 0.09081197 0.09354634 0.10477617\n",
      "  0.08830662 0.09798531 0.10343302 0.10224846]\n",
      " [0.10806639 0.11003266 0.10995169 0.09589262 0.09878328 0.08460923\n",
      "  0.09166083 0.09650321 0.10148091 0.10301916]\n",
      " [0.10259696 0.10772979 0.10446203 0.09843412 0.10352963 0.09172516\n",
      "  0.10086013 0.09273513 0.10615929 0.09176777]\n",
      " [0.08870158 0.10951529 0.10502356 0.09495631 0.09468242 0.09247164\n",
      "  0.10037515 0.11034811 0.10751643 0.09640955]\n",
      " [0.09148486 0.12688628 0.11526038 0.08069286 0.08892032 0.08860181\n",
      "  0.09575938 0.11315919 0.10739309 0.09184185]\n",
      " [0.09155473 0.10677865 0.09814379 0.10354839 0.10083215 0.09647563\n",
      "  0.10027686 0.09798408 0.10619866 0.09820703]\n",
      " [0.10235731 0.11365719 0.11109554 0.10092061 0.10333255 0.08933626\n",
      "  0.08643913 0.09839643 0.10882287 0.0856421 ]\n",
      " [0.10147579 0.1029079  0.11186114 0.09495107 0.09560103 0.0898671\n",
      "  0.08908663 0.10558245 0.11485688 0.09381   ]\n",
      " [0.08652863 0.10524745 0.11248831 0.08465741 0.10144689 0.09359019\n",
      "  0.10365147 0.09955987 0.10930596 0.10352378]\n",
      " [0.10634707 0.10795716 0.11455062 0.08157684 0.09844633 0.1018917\n",
      "  0.07869837 0.10565668 0.10713962 0.09773568]\n",
      " [0.10496049 0.1112709  0.09760917 0.09200766 0.09796605 0.09360059\n",
      "  0.09627854 0.10666603 0.09842218 0.1012183 ]\n",
      " [0.09924527 0.1060347  0.09661785 0.09589376 0.10459834 0.09901778\n",
      "  0.09189236 0.09924975 0.11610805 0.09134218]\n",
      " [0.09542165 0.10965367 0.11203215 0.09448518 0.11833361 0.08986715\n",
      "  0.08022247 0.09996324 0.10281458 0.09720629]\n",
      " [0.09577924 0.09882279 0.10876253 0.09549399 0.10410982 0.09773722\n",
      "  0.10543858 0.09856056 0.10490311 0.0903922 ]\n",
      " [0.08897247 0.13509145 0.09745529 0.08663169 0.09741482 0.09219561\n",
      "  0.09602629 0.10053757 0.10833649 0.09733841]\n",
      " [0.09535412 0.10165248 0.10321692 0.10081263 0.11421258 0.10267776\n",
      "  0.08524738 0.09674324 0.1040092  0.09607371]\n",
      " [0.094746   0.11348807 0.10320643 0.09704942 0.09450133 0.09278208\n",
      "  0.0912146  0.11156542 0.10792546 0.09352118]\n",
      " [0.09773809 0.09944946 0.10145815 0.09011616 0.09939718 0.09964515\n",
      "  0.09690136 0.11868998 0.10261559 0.09398889]\n",
      " [0.10113138 0.10498629 0.10516337 0.10175889 0.10404918 0.0970134\n",
      "  0.09505493 0.09940569 0.09679355 0.09464337]\n",
      " [0.08722448 0.09332343 0.11603733 0.09233526 0.10794251 0.10267556\n",
      "  0.09647155 0.09165551 0.11102876 0.10130558]\n",
      " [0.09533187 0.12208565 0.11007196 0.08280578 0.10309866 0.091826\n",
      "  0.10030913 0.10549877 0.09950237 0.08946981]\n",
      " [0.09893584 0.09313442 0.10576821 0.10212623 0.11080918 0.09650011\n",
      "  0.09174433 0.11250313 0.09610785 0.09237078]\n",
      " [0.09191125 0.10473526 0.11541148 0.08979696 0.1170196  0.09015967\n",
      "  0.08910098 0.09914719 0.11468584 0.08803178]\n",
      " [0.10123879 0.10397445 0.10201479 0.09788502 0.11105305 0.09488542\n",
      "  0.0994595  0.09477062 0.09903296 0.09568543]\n",
      " [0.09091712 0.12187654 0.09657142 0.0839224  0.10252602 0.09153049\n",
      "  0.09802396 0.10409201 0.11697219 0.09356795]\n",
      " [0.10140234 0.09693477 0.10856868 0.09550624 0.10164703 0.10039368\n",
      "  0.09555297 0.09550042 0.10663413 0.09785976]\n",
      " [0.10776747 0.10784914 0.1040681  0.09521943 0.09575262 0.08533453\n",
      "  0.09601282 0.09943507 0.11510311 0.09345774]\n",
      " [0.09882606 0.10662736 0.10352655 0.09509926 0.09394496 0.09635387\n",
      "  0.09734316 0.09662898 0.11521647 0.09643331]\n",
      " [0.10139187 0.11461028 0.10418389 0.0943315  0.10563299 0.09544405\n",
      "  0.08758131 0.09530056 0.1064412  0.09508233]\n",
      " [0.08855432 0.11056422 0.09546986 0.09515449 0.10137467 0.10397311\n",
      "  0.09731206 0.10338882 0.10820943 0.09599897]\n",
      " [0.08861759 0.10798845 0.10389874 0.09847727 0.10300729 0.09275012\n",
      "  0.10419859 0.10335498 0.09820955 0.09949746]\n",
      " [0.09976013 0.09991663 0.10728102 0.09217129 0.1049609  0.10079078\n",
      "  0.09303016 0.10772985 0.09959045 0.09476876]]\n",
      "INFO:tensorflow:loss = 2.3004644, step = 0\n",
      "INFO:tensorflow:probabilities = [[0.0984389  0.09981936 0.09383339 0.09100369 0.103414   0.10415392\n",
      "  0.09601179 0.10365882 0.11821827 0.09144782]\n",
      " [0.09514616 0.11279842 0.10355571 0.08477961 0.09837481 0.09683154\n",
      "  0.09385394 0.10905749 0.10999933 0.09560306]\n",
      " [0.09800136 0.11003939 0.10512218 0.09100924 0.10385066 0.09337983\n",
      "  0.09449224 0.10757705 0.09972677 0.09680128]\n",
      " [0.09632834 0.10811514 0.10392392 0.09107015 0.10561997 0.10479251\n",
      "  0.09089068 0.09392071 0.10344383 0.10189476]\n",
      " [0.0939255  0.1235711  0.09183037 0.08821536 0.09554166 0.09185996\n",
      "  0.10574841 0.1050557  0.10754093 0.0967111 ]\n",
      " [0.10022651 0.10120351 0.10940285 0.0969622  0.09956054 0.10212884\n",
      "  0.09555378 0.09706298 0.10443392 0.09346493]\n",
      " [0.1079839  0.10195322 0.10942929 0.08259787 0.10258758 0.08457045\n",
      "  0.09226243 0.10569176 0.11412647 0.09879702]\n",
      " [0.091503   0.10126317 0.11246316 0.10204015 0.10236619 0.0866372\n",
      "  0.09865687 0.11253861 0.10884862 0.08368307]\n",
      " [0.09136911 0.11233673 0.10912252 0.09827758 0.0979034  0.09922605\n",
      "  0.08383688 0.10903818 0.09594953 0.10293999]\n",
      " [0.09083229 0.10991701 0.09646276 0.09739938 0.10087765 0.10214391\n",
      "  0.10596126 0.10351716 0.09755554 0.09533305]\n",
      " [0.10164998 0.10786547 0.11237056 0.08970437 0.1020226  0.09297113\n",
      "  0.09371331 0.10320451 0.09839303 0.09810505]\n",
      " [0.11080225 0.11027947 0.10084033 0.08912312 0.09153309 0.10030317\n",
      "  0.09471886 0.09850093 0.10629629 0.09760245]\n",
      " [0.09238432 0.10620884 0.10594368 0.10186303 0.09691719 0.10046481\n",
      "  0.10847952 0.08729737 0.0963487  0.10409254]\n",
      " [0.10060869 0.10433236 0.10368595 0.10341509 0.08777101 0.10265118\n",
      "  0.09896158 0.10527071 0.09231424 0.10098922]\n",
      " [0.0933852  0.10375884 0.10220454 0.08979275 0.09868658 0.11200313\n",
      "  0.09484128 0.10299551 0.11259191 0.08974022]\n",
      " [0.08624721 0.11097376 0.10748256 0.0946389  0.10229648 0.09387878\n",
      "  0.10282499 0.09635512 0.10958792 0.09571432]\n",
      " [0.09829167 0.10064923 0.10921268 0.08286048 0.10235494 0.10064878\n",
      "  0.09705537 0.11333773 0.10685704 0.08873209]\n",
      " [0.0982016  0.1055757  0.0929069  0.08982389 0.10324585 0.10896312\n",
      "  0.09650956 0.10914811 0.1111938  0.08443148]\n",
      " [0.10350934 0.10912839 0.10545376 0.09343636 0.09966909 0.09812911\n",
      "  0.1036208  0.09323364 0.09792095 0.09589852]\n",
      " [0.10410515 0.10511521 0.10245876 0.09064717 0.08610481 0.09398142\n",
      "  0.08349425 0.09463261 0.1206452  0.11881548]\n",
      " [0.11018    0.10949799 0.10373571 0.09037986 0.10043891 0.09342451\n",
      "  0.08915535 0.10232544 0.1044608  0.09640139]\n",
      " [0.09949183 0.10955263 0.10702369 0.10112346 0.09546705 0.09046881\n",
      "  0.10253572 0.09165425 0.10356035 0.09912216]\n",
      " [0.11095714 0.10593098 0.10768089 0.0936624  0.09865975 0.09586702\n",
      "  0.09622189 0.09510503 0.10536744 0.09054742]\n",
      " [0.09671798 0.11871645 0.10639971 0.08837254 0.08526594 0.10486227\n",
      "  0.09048622 0.10321486 0.11151294 0.09445111]\n",
      " [0.10350732 0.10971868 0.10246108 0.09553462 0.11765057 0.09427169\n",
      "  0.09312691 0.09607356 0.10424543 0.08341007]\n",
      " [0.09816214 0.1118662  0.1081045  0.09699562 0.09567653 0.08947174\n",
      "  0.09179224 0.10572913 0.08830275 0.11389907]\n",
      " [0.09938582 0.11284208 0.09843798 0.09904176 0.09974749 0.08392973\n",
      "  0.09512275 0.10098892 0.10934976 0.10115363]\n",
      " [0.10724089 0.12601082 0.10683977 0.08376094 0.1013118  0.07944752\n",
      "  0.08863557 0.10166047 0.11144733 0.09364484]\n",
      " [0.10638307 0.09424536 0.10365099 0.08931981 0.09821989 0.09948444\n",
      "  0.08866359 0.10542724 0.11841644 0.09618921]\n",
      " [0.10241366 0.10248329 0.09928209 0.08117084 0.0976619  0.0878638\n",
      "  0.09701899 0.10382169 0.12554257 0.10274119]\n",
      " [0.09554882 0.11649568 0.10800064 0.09391712 0.10987157 0.09366649\n",
      "  0.09550155 0.08982969 0.10622411 0.09094432]\n",
      " [0.10868679 0.10486099 0.10841213 0.09832132 0.09401271 0.09369667\n",
      "  0.08756014 0.10602019 0.09819131 0.1002377 ]\n",
      " [0.0982319  0.10770731 0.10124055 0.09426019 0.09900564 0.10068409\n",
      "  0.09758022 0.09459811 0.10675096 0.09994101]\n",
      " [0.09962492 0.0999359  0.10493416 0.09278314 0.10454566 0.10385205\n",
      "  0.09867094 0.09771803 0.10041501 0.09752015]\n",
      " [0.08301163 0.11203308 0.11040955 0.09316142 0.10319598 0.08744916\n",
      "  0.09821247 0.09121739 0.11163266 0.1096766 ]\n",
      " [0.11009347 0.10886822 0.1135302  0.09098398 0.09443963 0.09701822\n",
      "  0.09581673 0.0989581  0.09909032 0.09120114]\n",
      " [0.09257194 0.0969322  0.10504975 0.08977196 0.10836081 0.08275811\n",
      "  0.09988687 0.1191211  0.1055067  0.10004056]\n",
      " [0.09646075 0.11247778 0.1047564  0.08851315 0.1069669  0.09108018\n",
      "  0.09841065 0.1035041  0.10096236 0.09686771]\n",
      " [0.10611282 0.11343025 0.09592292 0.09155318 0.10017774 0.09814186\n",
      "  0.09418506 0.10418586 0.10844509 0.08784524]\n",
      " [0.10385584 0.10308044 0.11348799 0.08965175 0.10626431 0.09321476\n",
      "  0.09136932 0.0992967  0.11017417 0.08960468]\n",
      " [0.10912138 0.10284033 0.11049423 0.08883248 0.09691861 0.10980862\n",
      "  0.09176748 0.09238105 0.10337052 0.09446527]\n",
      " [0.10021834 0.10845745 0.11087456 0.10394975 0.1050522  0.08810351\n",
      "  0.08920605 0.10055146 0.09706056 0.09652609]\n",
      " [0.10734312 0.09842796 0.10614512 0.08959032 0.10258032 0.0930635\n",
      "  0.09170224 0.10668819 0.10845566 0.09600359]\n",
      " [0.09003671 0.10425031 0.10878424 0.09254629 0.10890456 0.09846938\n",
      "  0.09864306 0.10379558 0.09755205 0.09701782]\n",
      " [0.10052878 0.10984461 0.10475167 0.1056937  0.10739038 0.09361839\n",
      "  0.08756105 0.094264   0.10104308 0.09530436]\n",
      " [0.11005075 0.11448519 0.11164814 0.08595702 0.09247043 0.10138746\n",
      "  0.08626686 0.10253294 0.10637108 0.08883011]\n",
      " [0.08793142 0.10916382 0.10797408 0.09021088 0.09910768 0.10367159\n",
      "  0.09515858 0.09426776 0.1061036  0.1064106 ]\n",
      " [0.09860289 0.09941579 0.09396175 0.10255399 0.09986724 0.10166616\n",
      "  0.09898326 0.09830783 0.10579358 0.1008475 ]\n",
      " [0.0993815  0.10175912 0.10302443 0.08365865 0.09677447 0.1041979\n",
      "  0.09598631 0.10710518 0.10526153 0.10285088]\n",
      " [0.0940018  0.09931593 0.12863794 0.10387738 0.10319192 0.09446169\n",
      "  0.08965732 0.09301329 0.1052559  0.08858681]] (0.461 sec)\n"
     ]
    },
    {
     "name": "stdout",
     "output_type": "stream",
     "text": [
      "INFO:tensorflow:global_step/sec: 128.852\n",
      "INFO:tensorflow:probabilities = [[0.0900482  0.09891827 0.10197644 0.10457862 0.09590989 0.09683663\n",
      "  0.09972762 0.11789951 0.09958536 0.09451938]\n",
      " [0.10504142 0.10911738 0.11527602 0.08979435 0.09971467 0.09211586\n",
      "  0.0878272  0.10737211 0.1053533  0.08838767]\n",
      " [0.09369858 0.09999173 0.10363632 0.09574414 0.10764311 0.09389036\n",
      "  0.09428487 0.11033755 0.11021897 0.09055436]\n",
      " [0.10340057 0.1079267  0.10395484 0.10331662 0.11083703 0.09228861\n",
      "  0.0901618  0.08778401 0.09877561 0.10155423]\n",
      " [0.11093728 0.103282   0.09822584 0.10238771 0.10117231 0.08391597\n",
      "  0.09328378 0.11183228 0.09082562 0.10413717]\n",
      " [0.08981109 0.09893514 0.10592971 0.09747079 0.09873158 0.08473939\n",
      "  0.09835379 0.11779352 0.11412586 0.09410923]\n",
      " [0.10126456 0.10877699 0.11156479 0.09208169 0.10150599 0.09956127\n",
      "  0.09441466 0.09593683 0.1056411  0.08925209]\n",
      " [0.09419752 0.09460785 0.09366003 0.09982718 0.10510785 0.08932374\n",
      "  0.10511012 0.10881548 0.10107645 0.10827382]\n",
      " [0.10518022 0.09268615 0.09992092 0.09568539 0.11274537 0.09024694\n",
      "  0.10340524 0.10092387 0.11657622 0.08262969]\n",
      " [0.10881974 0.10757092 0.10052063 0.0878969  0.10873109 0.09500751\n",
      "  0.09181155 0.10595581 0.10055079 0.09313507]\n",
      " [0.10469279 0.10053327 0.09777336 0.09744262 0.10028325 0.0975206\n",
      "  0.10990872 0.09334823 0.11012403 0.08837312]\n",
      " [0.1006025  0.10551858 0.09608849 0.09007634 0.10019186 0.09942313\n",
      "  0.09921104 0.09671482 0.10207048 0.1101028 ]\n",
      " [0.1022012  0.11487419 0.10433003 0.0791862  0.09872139 0.08754018\n",
      "  0.10162684 0.09835117 0.10952361 0.10364524]\n",
      " [0.0950691  0.10929228 0.10930903 0.09366039 0.08806991 0.10283478\n",
      "  0.09297921 0.10540733 0.10457776 0.09880017]\n",
      " [0.1012118  0.10592005 0.10860271 0.09747572 0.1055197  0.08862484\n",
      "  0.09456643 0.10062658 0.10628308 0.09116907]\n",
      " [0.08900469 0.10094971 0.09720486 0.09518228 0.10326623 0.09841498\n",
      "  0.10141289 0.11696482 0.09977528 0.09782422]\n",
      " [0.09863664 0.09685811 0.10624465 0.10621016 0.09970624 0.105504\n",
      "  0.10205065 0.09114944 0.10173323 0.09190692]\n",
      " [0.10122676 0.11102394 0.09402273 0.09652154 0.09755697 0.09473351\n",
      "  0.09746719 0.11639522 0.09629791 0.09475426]\n",
      " [0.09701058 0.11737984 0.1005327  0.10318305 0.09966956 0.08665085\n",
      "  0.09438292 0.09885389 0.09910554 0.1032311 ]\n",
      " [0.11130987 0.10402925 0.11572923 0.0996833  0.10555206 0.09838186\n",
      "  0.07749485 0.10175199 0.0950371  0.09103049]\n",
      " [0.09280757 0.09391057 0.10225885 0.0980413  0.11186972 0.09245086\n",
      "  0.10090452 0.1014052  0.11642272 0.08992864]\n",
      " [0.09507489 0.11358438 0.09937475 0.09174026 0.10689765 0.09069251\n",
      "  0.09877646 0.09818418 0.10423487 0.10144007]\n",
      " [0.09939623 0.10323267 0.10892095 0.09128331 0.1091009  0.08164704\n",
      "  0.10472792 0.10504975 0.10991552 0.08672575]\n",
      " [0.09632771 0.0991958  0.10605846 0.09386747 0.09924605 0.08621856\n",
      "  0.10675984 0.10183735 0.1076915  0.10279724]\n",
      " [0.10203584 0.10566822 0.09955633 0.09954329 0.10170162 0.09307976\n",
      "  0.09864401 0.10463084 0.10128947 0.0938506 ]\n",
      " [0.11245733 0.11383466 0.10156308 0.08149979 0.11028451 0.1084128\n",
      "  0.08945064 0.09387576 0.09626603 0.0923553 ]\n",
      " [0.09678553 0.09534392 0.09990234 0.09551217 0.09760232 0.09773499\n",
      "  0.10679325 0.10548378 0.10545216 0.09938954]\n",
      " [0.10340371 0.11425604 0.10392579 0.07866488 0.09380913 0.10397388\n",
      "  0.07885863 0.10954159 0.10779852 0.10576782]\n",
      " [0.10253447 0.10963506 0.09847351 0.09583412 0.10324978 0.09671372\n",
      "  0.09845811 0.0945078  0.10160755 0.09898593]\n",
      " [0.09608461 0.10891476 0.10739108 0.0848394  0.10522609 0.09684318\n",
      "  0.09910858 0.09941196 0.10574727 0.09643312]\n",
      " [0.08535158 0.10277437 0.10039037 0.10307415 0.11121988 0.08574893\n",
      "  0.10233235 0.1028285  0.1098613  0.09641853]\n",
      " [0.10829068 0.1054856  0.11229246 0.0829673  0.10260106 0.08938216\n",
      "  0.09320024 0.10729034 0.11058056 0.08790957]\n",
      " [0.09216164 0.09925342 0.12909158 0.09881699 0.10176816 0.08106262\n",
      "  0.09591491 0.09938566 0.10741517 0.09512987]\n",
      " [0.10406717 0.09220056 0.12043694 0.08332936 0.10788245 0.0915292\n",
      "  0.09244855 0.08489784 0.12056913 0.10263879]\n",
      " [0.0990345  0.10597776 0.10727989 0.09688037 0.10828949 0.08901974\n",
      "  0.09562495 0.10779247 0.10420007 0.08590078]\n",
      " [0.09340417 0.10528151 0.09625252 0.08840374 0.09150469 0.09888215\n",
      "  0.09989366 0.10296092 0.12587324 0.09754346]\n",
      " [0.11237151 0.09213337 0.11675473 0.10057846 0.09561736 0.10169845\n",
      "  0.08738153 0.10113735 0.10447045 0.08785675]\n",
      " [0.10146144 0.11202829 0.10946116 0.09196986 0.10912542 0.10036957\n",
      "  0.08335184 0.09643035 0.10124052 0.09456158]\n",
      " [0.09289567 0.10921232 0.09685799 0.10667677 0.10494173 0.09452351\n",
      "  0.09169696 0.095281   0.10725154 0.1006625 ]\n",
      " [0.09176228 0.10428859 0.10600985 0.09088205 0.10957782 0.09509828\n",
      "  0.09400756 0.09230585 0.11296616 0.10310151]\n",
      " [0.10645037 0.10374892 0.10691033 0.08562149 0.10522805 0.08148674\n",
      "  0.11124819 0.10508389 0.10976453 0.08445754]\n",
      " [0.09582157 0.10720322 0.10030517 0.1038747  0.09696723 0.09733226\n",
      "  0.09228672 0.1048796  0.10132989 0.09999964]\n",
      " [0.09070043 0.11101909 0.1029313  0.09153964 0.10371798 0.09454374\n",
      "  0.10267422 0.10363776 0.10729301 0.09194292]\n",
      " [0.10744587 0.11148618 0.1029356  0.09544964 0.08713634 0.091548\n",
      "  0.10039461 0.10468159 0.10377716 0.09514505]\n",
      " [0.09255619 0.10064192 0.10246883 0.10356018 0.10525438 0.09782079\n",
      "  0.10049634 0.09469704 0.10743944 0.09506483]\n",
      " [0.10983334 0.10377074 0.10118672 0.08888653 0.09005814 0.10330254\n",
      "  0.10645569 0.10601423 0.09902117 0.09147091]\n",
      " [0.10254219 0.10352401 0.10777276 0.09561801 0.09532294 0.10016457\n",
      "  0.08734766 0.09671169 0.11406799 0.09692819]\n",
      " [0.09285715 0.11190547 0.09197919 0.10629809 0.09294279 0.10124633\n",
      "  0.09767507 0.1060441  0.10140411 0.09764763]\n",
      " [0.10674138 0.09093109 0.10886857 0.09429912 0.09901156 0.09031429\n",
      "  0.10304607 0.09474853 0.11289655 0.09914278]\n",
      " [0.10374735 0.10248917 0.11241589 0.09014345 0.10528583 0.09765399\n",
      "  0.0944     0.10537157 0.09784093 0.09065177]] (0.317 sec)\n",
      "INFO:tensorflow:loss = 2.276693, step = 100 (0.780 sec)\n",
      "INFO:tensorflow:probabilities = [[0.09749889 0.10351625 0.10167124 0.09083617 0.09735611 0.10124079\n",
      "  0.10886081 0.10667954 0.09719134 0.09514883]\n",
      " [0.09808493 0.10957111 0.10054246 0.10277559 0.09282183 0.09364665\n",
      "  0.09404103 0.10284248 0.11344407 0.09222984]\n",
      " [0.09392414 0.10318714 0.10899425 0.09551334 0.09576661 0.08487026\n",
      "  0.1018659  0.10327562 0.12010027 0.09250246]\n",
      " [0.08587734 0.10480695 0.11381249 0.10440852 0.1064522  0.0896149\n",
      "  0.0895803  0.08864115 0.11102158 0.1057846 ]\n",
      " [0.0949198  0.11416146 0.10560229 0.10151125 0.10052122 0.09897984\n",
      "  0.08833654 0.08912978 0.11044109 0.09639675]\n",
      " [0.09584233 0.09632477 0.1041442  0.10611796 0.10696649 0.09338149\n",
      "  0.10241719 0.10206833 0.11109214 0.08164504]\n",
      " [0.09066056 0.10728826 0.10650861 0.10100178 0.10084675 0.09186209\n",
      "  0.0979668  0.09921433 0.10498103 0.09966987]\n",
      " [0.09981996 0.09624986 0.10854071 0.09438516 0.09963306 0.08399832\n",
      "  0.09334494 0.11037531 0.10739212 0.10626054]\n",
      " [0.10932925 0.10699604 0.10924352 0.08418497 0.10063433 0.09294049\n",
      "  0.10362098 0.08705214 0.10449906 0.10149921]\n",
      " [0.09351832 0.10583942 0.09644041 0.09526553 0.10533717 0.09811689\n",
      "  0.09643651 0.10482972 0.11006773 0.09414835]\n",
      " [0.09705935 0.09281368 0.10807275 0.10654015 0.09183406 0.09881989\n",
      "  0.08317762 0.11187708 0.11580301 0.09400234]\n",
      " [0.10922719 0.09126502 0.09716223 0.1069008  0.11693613 0.09766562\n",
      "  0.09250263 0.09572475 0.10143336 0.0911822 ]\n",
      " [0.10309772 0.10101906 0.1099577  0.10013693 0.10871766 0.10002349\n",
      "  0.08846912 0.09617628 0.11144444 0.0809576 ]\n",
      " [0.09458438 0.10750262 0.11284389 0.09347516 0.09103451 0.09915318\n",
      "  0.10434864 0.09756887 0.11283104 0.08665778]\n",
      " [0.10461489 0.09588306 0.10469573 0.09420247 0.10093351 0.09803172\n",
      "  0.10283025 0.10558861 0.09993554 0.09328419]\n",
      " [0.09634193 0.11777726 0.10170212 0.09469306 0.10810915 0.08561886\n",
      "  0.09606732 0.09780813 0.10839586 0.09348638]\n",
      " [0.11229348 0.10254029 0.11252867 0.09494799 0.08855501 0.08888463\n",
      "  0.10154733 0.09304928 0.11534919 0.09030414]\n",
      " [0.1156873  0.11125123 0.1018712  0.09795216 0.09694642 0.08782556\n",
      "  0.0771554  0.10384955 0.10936671 0.09809441]\n",
      " [0.09526357 0.09349956 0.10235583 0.10428112 0.09916049 0.09234697\n",
      "  0.10332709 0.10946538 0.10308854 0.09721146]\n",
      " [0.09089755 0.11713833 0.10883442 0.0913495  0.10045117 0.10056295\n",
      "  0.08963141 0.09592662 0.10154577 0.10366226]\n",
      " [0.09427694 0.09142068 0.11532219 0.10550683 0.09906591 0.09512324\n",
      "  0.10244988 0.09264896 0.10638732 0.09779809]\n",
      " [0.10261995 0.10819346 0.10240901 0.09325405 0.10044242 0.09040681\n",
      "  0.10395597 0.10233492 0.10283687 0.09354655]\n",
      " [0.11218312 0.10057474 0.11033603 0.0987589  0.10137382 0.09415942\n",
      "  0.09093501 0.09162529 0.10204966 0.09800396]\n",
      " [0.08984112 0.09285342 0.10735025 0.10032485 0.10101657 0.09679756\n",
      "  0.09879161 0.1082761  0.11041676 0.09433182]\n",
      " [0.09991045 0.10571972 0.10591076 0.10144135 0.09882335 0.0952247\n",
      "  0.08895712 0.11197414 0.097477   0.0945615 ]\n",
      " [0.10745037 0.10639395 0.10160404 0.09140418 0.10354747 0.09509408\n",
      "  0.09656283 0.09792238 0.10860305 0.09141768]\n",
      " [0.09668253 0.10047301 0.10300934 0.10033514 0.10657888 0.09231672\n",
      "  0.10619439 0.10717647 0.10054982 0.08668362]\n",
      " [0.10229797 0.1051376  0.10425874 0.09592171 0.10585522 0.09630243\n",
      "  0.0918664  0.09621406 0.10064011 0.10150573]\n",
      " [0.09008695 0.10343198 0.10852102 0.0928655  0.1015612  0.09148273\n",
      "  0.09163497 0.10512538 0.11191466 0.10337558]\n",
      " [0.09186494 0.11194114 0.11150015 0.09632827 0.10373982 0.09195717\n",
      "  0.09121777 0.09691238 0.10709506 0.0974433 ]\n",
      " [0.0994193  0.10323022 0.10259977 0.10260135 0.10959362 0.09014152\n",
      "  0.09984451 0.09671777 0.10801141 0.08784054]\n",
      " [0.09190862 0.11135444 0.09922346 0.09822407 0.09248492 0.09691526\n",
      "  0.1036661  0.10354006 0.10777543 0.09490767]\n",
      " [0.09722313 0.09385195 0.11167611 0.08442867 0.10268693 0.08262481\n",
      "  0.10957369 0.11770228 0.10457768 0.09565477]\n",
      " [0.09871852 0.09019863 0.10470271 0.11646689 0.10485951 0.09188949\n",
      "  0.08418952 0.10601684 0.10688155 0.09607632]\n",
      " [0.10720706 0.11227778 0.09817462 0.09746483 0.10328343 0.09074854\n",
      "  0.09686387 0.09245175 0.10335614 0.09817198]\n",
      " [0.09712072 0.10941315 0.09491221 0.09059582 0.10014087 0.09555181\n",
      "  0.09666646 0.0979442  0.11885213 0.09880268]\n",
      " [0.09781444 0.1032549  0.1086155  0.09170172 0.1046313  0.09691318\n",
      "  0.09135826 0.09926869 0.10855429 0.09788773]\n",
      " [0.10813794 0.10285041 0.11765334 0.08630638 0.09563104 0.09197091\n",
      "  0.09110359 0.1015903  0.10492118 0.09983498]\n",
      " [0.08671846 0.10572819 0.10002571 0.10993845 0.09678683 0.09671856\n",
      "  0.10163169 0.09373222 0.10985331 0.09886658]\n",
      " [0.10893436 0.10215559 0.11625349 0.09366184 0.0931263  0.08987675\n",
      "  0.0929466  0.1009217  0.09928788 0.10283551]\n",
      " [0.09705111 0.10995311 0.11214063 0.09256537 0.09780508 0.08230484\n",
      "  0.08815748 0.11253051 0.11516801 0.09232385]\n",
      " [0.09929599 0.11727427 0.1016762  0.09200975 0.08709249 0.0977131\n",
      "  0.10101522 0.0865298  0.11175109 0.1056421 ]\n",
      " [0.10959865 0.10645064 0.11041059 0.08601413 0.09538978 0.10150757\n",
      "  0.09795868 0.09515633 0.10823411 0.08927956]\n",
      " [0.1033584  0.10171382 0.10205702 0.09704643 0.1067018  0.09147361\n",
      "  0.09674099 0.10990293 0.10209084 0.08891416]\n",
      " [0.09515772 0.1020718  0.11121015 0.10296514 0.1038582  0.08664554\n",
      "  0.09616531 0.09660744 0.11347873 0.09184003]\n",
      " [0.09840316 0.11186499 0.10609929 0.0924795  0.09557682 0.09650518\n",
      "  0.09507027 0.10347835 0.11201163 0.0885108 ]\n",
      " [0.11261265 0.08932715 0.10542926 0.08600632 0.10445762 0.0970861\n",
      "  0.09862062 0.09304031 0.11017572 0.10324429]\n",
      " [0.09690895 0.09829563 0.10540541 0.0944282  0.11115882 0.09019511\n",
      "  0.08779249 0.10943277 0.10947715 0.09690543]\n",
      " [0.10628716 0.09916577 0.11199166 0.10222834 0.09585462 0.09374209\n",
      "  0.08961761 0.09486135 0.10184961 0.10440177]\n",
      " [0.10101669 0.10862155 0.09646969 0.1025129  0.09974339 0.09187912\n",
      "  0.10694882 0.09071152 0.11071375 0.09138252]] (0.327 sec)\n"
     ]
    },
    {
     "name": "stdout",
     "output_type": "stream",
     "text": [
      "INFO:tensorflow:global_step/sec: 152.492\n",
      "INFO:tensorflow:probabilities = [[0.11181413 0.09235643 0.11380398 0.09984895 0.09059943 0.08575429\n",
      "  0.10394973 0.09965273 0.10509256 0.09712787]\n",
      " [0.09952589 0.10824271 0.10491976 0.10006779 0.10226636 0.09226466\n",
      "  0.09650885 0.10511571 0.10126089 0.08982734]\n",
      " [0.09183405 0.10918364 0.10154971 0.10144454 0.10441825 0.09219661\n",
      "  0.09525594 0.09671713 0.10882099 0.09857914]\n",
      " [0.09450448 0.08969773 0.11316907 0.0998632  0.11167856 0.09096377\n",
      "  0.10452453 0.09054179 0.10754555 0.09751125]\n",
      " [0.10173356 0.09998111 0.11155295 0.08266661 0.10308112 0.0825955\n",
      "  0.10455894 0.1158873  0.106563   0.09137996]\n",
      " [0.09399208 0.10318533 0.10857312 0.08761118 0.10045007 0.10110813\n",
      "  0.10149187 0.1038966  0.10613777 0.09355386]\n",
      " [0.10153415 0.10617772 0.10630335 0.09047922 0.09808911 0.09312946\n",
      "  0.09764368 0.1035622  0.10545359 0.09762758]\n",
      " [0.11098372 0.09466501 0.09472516 0.09304588 0.10366634 0.08974011\n",
      "  0.11124708 0.10425159 0.10274492 0.09493012]\n",
      " [0.09280863 0.1106225  0.11322001 0.09818843 0.09470785 0.095179\n",
      "  0.08836052 0.10562125 0.10677697 0.09451489]\n",
      " [0.09478444 0.11210073 0.10061191 0.10054936 0.09500653 0.10409275\n",
      "  0.10575567 0.09523742 0.10093484 0.09092633]\n",
      " [0.10420278 0.0974941  0.09953192 0.0906814  0.10825492 0.10016578\n",
      "  0.09355459 0.10510656 0.10366086 0.09734709]\n",
      " [0.10157637 0.09344061 0.10368383 0.09942876 0.10111318 0.09563041\n",
      "  0.09776193 0.09465551 0.1138563  0.09885312]\n",
      " [0.09810323 0.10426468 0.10940748 0.09719186 0.10814845 0.08651137\n",
      "  0.09035201 0.10177364 0.10326227 0.10098504]\n",
      " [0.09775157 0.10101288 0.11301796 0.10680128 0.09894974 0.09049743\n",
      "  0.0960803  0.09939852 0.09936177 0.09712856]\n",
      " [0.10968685 0.0966858  0.10572916 0.09890562 0.1033641  0.09105099\n",
      "  0.09283033 0.09656955 0.10951886 0.09565876]\n",
      " [0.10969279 0.08100016 0.1063074  0.08833792 0.09431742 0.10024783\n",
      "  0.09774443 0.11356933 0.1247999  0.08398276]\n",
      " [0.10529485 0.09370077 0.12020916 0.0898845  0.11215848 0.08803253\n",
      "  0.08621334 0.10004663 0.10234987 0.10210992]\n",
      " [0.10066991 0.10341946 0.09953447 0.10602435 0.1051392  0.08832861\n",
      "  0.09717271 0.10698644 0.09524578 0.09747899]\n",
      " [0.11161028 0.10409121 0.09859902 0.08870371 0.10005248 0.091016\n",
      "  0.09994411 0.09490681 0.1124355  0.0986409 ]\n",
      " [0.0979032  0.09996347 0.10438502 0.09062076 0.0924284  0.1025371\n",
      "  0.0898909  0.1132402  0.10616712 0.10286387]\n",
      " [0.09798329 0.1080047  0.11615147 0.08947137 0.09717055 0.09739993\n",
      "  0.0966576  0.09771454 0.09838647 0.10106012]\n",
      " [0.09684769 0.10289052 0.10392367 0.09946202 0.10338861 0.09391411\n",
      "  0.10630451 0.10283883 0.10061161 0.0898184 ]\n",
      " [0.08975988 0.11229975 0.10564058 0.10218821 0.09717562 0.09615028\n",
      "  0.09437339 0.09808227 0.10677133 0.09755877]\n",
      " [0.09449483 0.10611738 0.1060389  0.09500691 0.1023028  0.10179093\n",
      "  0.09975974 0.09890813 0.10172725 0.09385312]\n",
      " [0.10122649 0.09776235 0.10740265 0.09721863 0.10339714 0.08979501\n",
      "  0.10946808 0.10337799 0.09500688 0.09534481]\n",
      " [0.09545553 0.0994372  0.10441402 0.10139297 0.10420306 0.09153775\n",
